#seed
5987
#nout
10
#min number of helix
7
#max number of helix
9
#min length of helix
10
#max length of helix
20
#min length of loop
2
#max length of loop
4
#out put prefix
temp/
#center_crd
2.136  -5.368  24.397
#clash_crd: correspond to biliverdin
-1.355 -12.997 14.826
-2.398 -12.256 15.662
-1.738 -11.339 16.670
-1.305 -9.949 16.458
-1.510 -9.202 15.162
-0.726 -9.552 17.786
0.018 -8.295 18.125
0.939 -7.728 17.273
1.816 -6.524 17.610
1.181 -5.372 18.400
2.224 -4.697 19.260
2.304 -6.050 16.228
3.722 -5.499 16.068
2.053 -7.253 15.383
2.616 -7.485 14.324
1.175 -8.033 15.994
-1.361 -11.616 18.078
-0.763 -10.565 18.690
-1.638 -12.943 18.712
-1.512 -13.313 20.149
-1.785 -14.599 20.866
-2.319 -15.936 20.386
-2.511 -16.058 18.883
-1.421 -14.291 22.284
-1.520 -15.274 23.421
-0.963 -12.863 22.216
-1.052 -12.363 20.963
-0.470 -11.751 23.083
-0.216 -11.472 24.521
-0.269 -12.200 25.830
-0.668 -13.609 26.160
0.179 -11.166 26.814
0.365 -11.281 28.316
-0.542 -10.327 29.069
0.430 -9.989 25.944
0.855 -8.849 26.378
0.206 -10.195 24.653
-6.567 -20.180  10.960
